% Colors for the benchmark models
colors = [
    245,184,255; % Bachmann
    0,139,228; % Becker
    172,82,0; % Beer
    96,21,111; % Boehm
    0,109,64; % Brannmark
    42,212,90; % Bruno
    172,22,0; % Chen
    255,214,170; % Crauste
    163,252,195; % Fiedler
    162,141,0; % Fujita
    255,179,0; % Hass
    173,211,0; % Isensee
    0,168,161; % Lucarelli
    208,41,155; % Merkle
    0,70,148; % Raia
    255,186,200; % Schwen
    255,38,16; % Sobotta
    107,243,246; % Swameye 
    255,245,0; % Weber 
    138,56,255]./255; % Zheng

% Colors for the convexity plots
colors_convexity = [17,122,218;
                    157,77,203;
                    238,48,117;
                    255,117,16]./255;
